Dataset: soybean-small.data
Class information:
Class 1 = D1
Class 2 = D2
Class 3 = D3
Class 4 = D4

----------------------------------------
Parameters of the trained Naive Bayes model
----------------------------------------
m = 1.0
p = 0.001

Prior and list of likelihoods for class 1(rounded to five decimal places):
0.28125
[ 1.0E-4 1.0E-4 1.0E-4 0.3001 0.1001 0.2001 0.3001 0.9001 1.0E-4 1.0E-4 1.0E-4 1.0E-4 1.0E-4 1.0E-4 1.0E-4 1.0E-4 0.9001 1.0E-4 1.0E-4 1.0E-4 1.0E-4 1.0E-4 0.9001 1.0E-4 1.0E-4 1.0E-4 1.0E-4 1.0E-4 0.8001 0.1001 1.0E-4 1.0E-4 1.0E-4 1.0E-4 1.0E-4 1.0E-4 0.4001 0.3001 0.2001 1.0E-4 1.0E-4 1.0E-4 0.6001 0.3001 1.0E-4 1.0E-4 1.0E-4 1.0E-4 1.0E-4 1.0E-4 0.7001 0.2001 1.0E-4 1.0E-4 1.0E-4 1.0E-4 0.4001 0.5001 1.0E-4 1.0E-4 1.0E-4 1.0E-4 1.0E-4 0.2001 0.3001 0.4001 1.0E-4 1.0E-4 1.0E-4 1.0E-4 1.0E-4 0.9001 1.0E-4 1.0E-4 1.0E-4 1.0E-4 1.0E-4 1.0E-4 0.9001 1.0E-4 1.0E-4 1.0E-4 1.0E-4 1.0E-4 0.9001 1.0E-4 1.0E-4 1.0E-4 1.0E-4 1.0E-4 1.0E-4 1.0E-4 1.0E-4 0.9001 1.0E-4 1.0E-4 1.0E-4 1.0E-4 1.0E-4 1.0E-4 0.9001 1.0E-4 1.0E-4 1.0E-4 1.0E-4 0.9001 1.0E-4 1.0E-4 1.0E-4 1.0E-4 1.0E-4 1.0E-4 0.9001 1.0E-4 1.0E-4 1.0E-4 1.0E-4 1.0E-4 1.0E-4 0.9001 1.0E-4 1.0E-4 1.0E-4 1.0E-4 1.0E-4 1.0E-4 1.0E-4 0.9001 1.0E-4 1.0E-4 1.0E-4 1.0E-4 1.0E-4 0.5001 0.4001 1.0E-4 1.0E-4 1.0E-4 1.0E-4 1.0E-4 1.0E-4 1.0E-4 1.0E-4 0.9001 1.0E-4 1.0E-4 1.0E-4 0.4001 0.5001 1.0E-4 1.0E-4 1.0E-4 1.0E-4 1.0E-4 1.0E-4 0.9001 1.0E-4 1.0E-4 1.0E-4 1.0E-4 1.0E-4 1.0E-4 0.9001 1.0E-4 1.0E-4 1.0E-4 1.0E-4 1.0E-4 0.9001 1.0E-4 1.0E-4 1.0E-4 1.0E-4 1.0E-4 1.0E-4 0.9001 1.0E-4 1.0E-4 1.0E-4 1.0E-4 1.0E-4 1.0E-4 0.9001 1.0E-4 1.0E-4 1.0E-4 1.0E-4 1.0E-4 1.0E-4 0.9001 1.0E-4 1.0E-4 1.0E-4 1.0E-4 1.0E-4 1.0E-4 1.0E-4 1.0E-4 1.0E-4 1.0E-4 0.9001 1.0E-4 1.0E-4 0.9001 1.0E-4 1.0E-4 1.0E-4 1.0E-4 1.0E-4 1.0E-4 0.9001 1.0E-4 1.0E-4 1.0E-4 1.0E-4 1.0E-4 1.0E-4 0.9001 1.0E-4 1.0E-4 1.0E-4 1.0E-4 1.0E-4 1.0E-4 0.9001 1.0E-4 1.0E-4 1.0E-4 1.0E-4 1.0E-4 1.0E-4 0.9001 1.0E-4 1.0E-4 1.0E-4 1.0E-4 1.0E-4 1.0E-4 0.9001 1.0E-4 1.0E-4 1.0E-4 1.0E-4 1.0E-4 1.0E-4 ]

Prior and list of likelihoods for class 2(rounded to five decimal places):
0.21875
[ 1.3E-4 1.3E-4 1.3E-4 0.12512 0.12512 0.25013 0.37513 0.87513 1.3E-4 1.3E-4 1.3E-4 1.3E-4 1.3E-4 1.3E-4 0.87513 1.3E-4 1.3E-4 1.3E-4 1.3E-4 1.3E-4 1.3E-4 1.3E-4 0.37513 0.50013 1.3E-4 1.3E-4 1.3E-4 1.3E-4 0.37513 0.50013 1.3E-4 1.3E-4 1.3E-4 1.3E-4 1.3E-4 0.12512 0.37513 0.12512 0.25013 1.3E-4 1.3E-4 1.3E-4 1.3E-4 1.3E-4 0.50013 0.37513 1.3E-4 1.3E-4 1.3E-4 1.3E-4 0.87513 1.3E-4 1.3E-4 1.3E-4 1.3E-4 1.3E-4 0.50013 0.37513 1.3E-4 1.3E-4 1.3E-4 1.3E-4 1.3E-4 0.50013 0.12512 0.25013 1.3E-4 1.3E-4 1.3E-4 1.3E-4 1.3E-4 0.87513 1.3E-4 1.3E-4 1.3E-4 1.3E-4 1.3E-4 1.3E-4 0.87513 1.3E-4 1.3E-4 1.3E-4 1.3E-4 1.3E-4 0.87513 1.3E-4 1.3E-4 1.3E-4 1.3E-4 1.3E-4 1.3E-4 1.3E-4 1.3E-4 0.87513 1.3E-4 1.3E-4 1.3E-4 1.3E-4 1.3E-4 1.3E-4 0.87513 1.3E-4 1.3E-4 1.3E-4 1.3E-4 0.87513 1.3E-4 1.3E-4 1.3E-4 1.3E-4 1.3E-4 1.3E-4 0.87513 1.3E-4 1.3E-4 1.3E-4 1.3E-4 1.3E-4 1.3E-4 0.87513 1.3E-4 1.3E-4 1.3E-4 1.3E-4 1.3E-4 1.3E-4 1.3E-4 0.87513 1.3E-4 1.3E-4 1.3E-4 1.3E-4 1.3E-4 0.50013 0.37513 1.3E-4 1.3E-4 1.3E-4 1.3E-4 1.3E-4 0.87513 1.3E-4 1.3E-4 1.3E-4 1.3E-4 1.3E-4 1.3E-4 1.3E-4 1.3E-4 1.3E-4 0.87513 1.3E-4 1.3E-4 1.3E-4 0.87513 1.3E-4 1.3E-4 1.3E-4 1.3E-4 1.3E-4 1.3E-4 0.87513 1.3E-4 1.3E-4 1.3E-4 1.3E-4 1.3E-4 1.3E-4 0.87513 1.3E-4 1.3E-4 1.3E-4 1.3E-4 1.3E-4 1.3E-4 1.3E-4 1.3E-4 0.87513 1.3E-4 1.3E-4 1.3E-4 1.3E-4 1.3E-4 0.87513 1.3E-4 1.3E-4 1.3E-4 1.3E-4 1.3E-4 0.87513 1.3E-4 1.3E-4 1.3E-4 1.3E-4 1.3E-4 1.3E-4 1.3E-4 1.3E-4 1.3E-4 1.3E-4 0.87513 1.3E-4 1.3E-4 0.87513 1.3E-4 1.3E-4 1.3E-4 1.3E-4 1.3E-4 1.3E-4 0.87513 1.3E-4 1.3E-4 1.3E-4 1.3E-4 1.3E-4 1.3E-4 0.87513 1.3E-4 1.3E-4 1.3E-4 1.3E-4 1.3E-4 1.3E-4 0.87513 1.3E-4 1.3E-4 1.3E-4 1.3E-4 1.3E-4 1.3E-4 0.87513 1.3E-4 1.3E-4 1.3E-4 1.3E-4 1.3E-4 1.3E-4 0.87513 1.3E-4 1.3E-4 1.3E-4 1.3E-4 1.3E-4 1.3E-4 ]

Prior and list of likelihoods for class 3(rounded to five decimal places):
0.21875
[ 0.37513 1.3E-4 0.37513 0.12512 1.3E-4 1.3E-4 1.3E-4 0.12512 0.75013 1.3E-4 1.3E-4 1.3E-4 1.3E-4 1.3E-4 1.3E-4 1.3E-4 0.87513 1.3E-4 1.3E-4 1.3E-4 1.3E-4 0.87513 1.3E-4 1.3E-4 1.3E-4 1.3E-4 1.3E-4 1.3E-4 0.75013 0.12512 1.3E-4 1.3E-4 1.3E-4 1.3E-4 1.3E-4 0.12512 0.12512 0.25013 0.37513 1.3E-4 1.3E-4 1.3E-4 1.3E-4 0.87513 1.3E-4 1.3E-4 1.3E-4 1.3E-4 1.3E-4 1.3E-4 0.50013 0.37513 1.3E-4 1.3E-4 1.3E-4 1.3E-4 0.62513 0.25013 1.3E-4 1.3E-4 1.3E-4 1.3E-4 1.3E-4 1.3E-4 0.62513 0.25013 1.3E-4 1.3E-4 1.3E-4 1.3E-4 1.3E-4 0.87513 1.3E-4 1.3E-4 1.3E-4 1.3E-4 1.3E-4 0.87513 1.3E-4 1.3E-4 1.3E-4 1.3E-4 1.3E-4 1.3E-4 0.87513 1.3E-4 1.3E-4 1.3E-4 1.3E-4 1.3E-4 1.3E-4 1.3E-4 1.3E-4 0.87513 1.3E-4 1.3E-4 1.3E-4 1.3E-4 1.3E-4 1.3E-4 0.87513 1.3E-4 1.3E-4 1.3E-4 1.3E-4 0.87513 1.3E-4 1.3E-4 1.3E-4 1.3E-4 1.3E-4 1.3E-4 0.87513 1.3E-4 1.3E-4 1.3E-4 1.3E-4 1.3E-4 1.3E-4 0.87513 1.3E-4 1.3E-4 1.3E-4 1.3E-4 1.3E-4 1.3E-4 1.3E-4 0.87513 1.3E-4 1.3E-4 1.3E-4 1.3E-4 1.3E-4 0.75013 0.12512 1.3E-4 1.3E-4 1.3E-4 1.3E-4 1.3E-4 1.3E-4 0.87513 1.3E-4 1.3E-4 1.3E-4 1.3E-4 1.3E-4 1.3E-4 0.87513 1.3E-4 1.3E-4 1.3E-4 1.3E-4 1.3E-4 0.87513 1.3E-4 1.3E-4 1.3E-4 1.3E-4 1.3E-4 1.3E-4 1.3E-4 0.87513 1.3E-4 1.3E-4 1.3E-4 1.3E-4 1.3E-4 0.37513 0.50013 1.3E-4 1.3E-4 1.3E-4 1.3E-4 1.3E-4 0.87513 1.3E-4 1.3E-4 1.3E-4 1.3E-4 1.3E-4 1.3E-4 0.87513 1.3E-4 1.3E-4 1.3E-4 1.3E-4 1.3E-4 1.3E-4 1.3E-4 1.3E-4 1.3E-4 0.87513 1.3E-4 1.3E-4 1.3E-4 1.3E-4 1.3E-4 1.3E-4 1.3E-4 0.87513 1.3E-4 1.3E-4 0.87513 1.3E-4 1.3E-4 1.3E-4 1.3E-4 1.3E-4 1.3E-4 0.87513 1.3E-4 1.3E-4 1.3E-4 1.3E-4 1.3E-4 1.3E-4 0.87513 1.3E-4 1.3E-4 1.3E-4 1.3E-4 1.3E-4 1.3E-4 0.87513 1.3E-4 1.3E-4 1.3E-4 1.3E-4 1.3E-4 1.3E-4 0.87513 1.3E-4 1.3E-4 1.3E-4 1.3E-4 1.3E-4 1.3E-4 0.75013 0.12512 1.3E-4 1.3E-4 1.3E-4 1.3E-4 1.3E-4 ]

Prior and list of likelihoods for class 4(rounded to five decimal places):
0.28125
[ 0.2001 0.3001 0.2001 0.2001 1.0E-4 1.0E-4 1.0E-4 1.0E-4 0.9001 1.0E-4 1.0E-4 1.0E-4 1.0E-4 1.0E-4 1.0E-4 0.4001 0.5001 1.0E-4 1.0E-4 1.0E-4 1.0E-4 0.6001 0.3001 1.0E-4 1.0E-4 1.0E-4 1.0E-4 1.0E-4 0.7001 0.2001 1.0E-4 1.0E-4 1.0E-4 1.0E-4 1.0E-4 0.1001 0.2001 0.4001 0.2001 1.0E-4 1.0E-4 1.0E-4 1.0E-4 0.8001 1.0E-4 0.1001 1.0E-4 1.0E-4 1.0E-4 1.0E-4 0.3001 0.6001 1.0E-4 1.0E-4 1.0E-4 1.0E-4 0.3001 0.6001 1.0E-4 1.0E-4 1.0E-4 1.0E-4 1.0E-4 0.4001 0.2001 0.3001 1.0E-4 1.0E-4 1.0E-4 1.0E-4 1.0E-4 0.9001 1.0E-4 1.0E-4 1.0E-4 1.0E-4 1.0E-4 1.0E-4 0.9001 1.0E-4 1.0E-4 1.0E-4 1.0E-4 1.0E-4 0.9001 1.0E-4 1.0E-4 1.0E-4 1.0E-4 1.0E-4 1.0E-4 1.0E-4 1.0E-4 0.9001 1.0E-4 1.0E-4 1.0E-4 1.0E-4 1.0E-4 1.0E-4 0.9001 1.0E-4 1.0E-4 1.0E-4 1.0E-4 0.9001 1.0E-4 1.0E-4 1.0E-4 1.0E-4 1.0E-4 1.0E-4 0.9001 1.0E-4 1.0E-4 1.0E-4 1.0E-4 1.0E-4 1.0E-4 0.9001 1.0E-4 1.0E-4 1.0E-4 1.0E-4 1.0E-4 1.0E-4 1.0E-4 0.9001 1.0E-4 1.0E-4 1.0E-4 1.0E-4 1.0E-4 0.8001 0.1001 1.0E-4 1.0E-4 1.0E-4 1.0E-4 1.0E-4 1.0E-4 0.3001 0.6001 1.0E-4 1.0E-4 1.0E-4 1.0E-4 1.0E-4 1.0E-4 0.9001 1.0E-4 1.0E-4 1.0E-4 1.0E-4 0.9001 1.0E-4 1.0E-4 1.0E-4 1.0E-4 1.0E-4 1.0E-4 0.7001 0.2001 1.0E-4 1.0E-4 1.0E-4 1.0E-4 1.0E-4 0.9001 1.0E-4 1.0E-4 1.0E-4 1.0E-4 1.0E-4 1.0E-4 0.9001 1.0E-4 1.0E-4 1.0E-4 1.0E-4 1.0E-4 1.0E-4 0.9001 1.0E-4 1.0E-4 1.0E-4 1.0E-4 1.0E-4 1.0E-4 1.0E-4 1.0E-4 1.0E-4 0.9001 1.0E-4 1.0E-4 1.0E-4 1.0E-4 1.0E-4 1.0E-4 1.0E-4 0.9001 1.0E-4 1.0E-4 0.9001 1.0E-4 1.0E-4 1.0E-4 1.0E-4 1.0E-4 1.0E-4 0.9001 1.0E-4 1.0E-4 1.0E-4 1.0E-4 1.0E-4 1.0E-4 0.9001 1.0E-4 1.0E-4 1.0E-4 1.0E-4 1.0E-4 1.0E-4 0.9001 1.0E-4 1.0E-4 1.0E-4 1.0E-4 1.0E-4 1.0E-4 0.9001 1.0E-4 1.0E-4 1.0E-4 1.0E-4 1.0E-4 1.0E-4 1.0E-4 0.9001 1.0E-4 1.0E-4 1.0E-4 1.0E-4 1.0E-4 ]

----------------------
Classification Results
----------------------
Prediction accuracy: 100.0%

	Actual Class	Predicted Class
	------------	---------------
	     3      	     3
	     4      	     4
	     1      	     1
	     4      	     4
	     2      	     2
	     3      	     3
	     4      	     4
	     2      	     2
	     2      	     2
	     4      	     4
	     4      	     4
	     4      	     4
	     4      	     4
	     3      	     3
	     4      	     4
