Dataset: soybean-small.data
Class information:
Class 1 = D1
Class 2 = D2
Class 3 = D3
Class 4 = D4

----------------------------------------
Parameters of the trained Winnow-2 model
----------------------------------------
Theta = 122.0
Alpha = 2.0

List of weights for class 1:
[ 1.0 1.0 0.5 1.0 1.0 2.0 2.0 4.0 0.5 1.0 1.0 1.0 1.0 1.0 0.5 1.0 4.0 1.0 1.0 1.0 1.0 0.25 16.0 0.5 1.0 1.0 1.0 1.0 4.0 0.5 1.0 1.0 1.0 1.0 1.0 1.0 1.0 2.0 1.0 1.0 1.0 1.0 2.0 2.0 1.0 0.5 1.0 1.0 1.0 1.0 4.0 0.5 1.0 1.0 1.0 1.0 1.0 2.0 1.0 1.0 1.0 1.0 1.0 1.0 1.0 2.0 1.0 1.0 1.0 1.0 1.0 2.0 1.0 1.0 1.0 1.0 1.0 0.5 4.0 1.0 1.0 1.0 1.0 1.0 2.0 1.0 1.0 1.0 1.0 1.0 1.0 1.0 1.0 2.0 1.0 1.0 1.0 1.0 1.0 1.0 2.0 1.0 1.0 1.0 1.0 2.0 1.0 1.0 1.0 1.0 1.0 1.0 2.0 1.0 1.0 1.0 1.0 1.0 1.0 2.0 1.0 1.0 1.0 1.0 1.0 1.0 1.0 2.0 1.0 1.0 1.0 1.0 1.0 0.5 4.0 1.0 1.0 1.0 1.0 1.0 0.5 0.25 1.0 16.0 1.0 1.0 1.0 4.0 2.0 0.5 0.5 1.0 1.0 1.0 0.125 16.0 1.0 1.0 1.0 1.0 1.0 0.25 8.0 1.0 1.0 1.0 1.0 1.0 4.0 0.5 1.0 1.0 1.0 1.0 1.0 4.0 1.0 0.5 1.0 1.0 1.0 1.0 4.0 0.5 1.0 1.0 1.0 1.0 1.0 8.0 1.0 1.0 0.25 1.0 1.0 1.0 1.0 1.0 1.0 1.0 2.0 1.0 1.0 2.0 1.0 1.0 1.0 1.0 1.0 1.0 2.0 1.0 1.0 1.0 1.0 1.0 1.0 2.0 1.0 1.0 1.0 1.0 1.0 1.0 2.0 1.0 1.0 1.0 1.0 1.0 1.0 2.0 1.0 1.0 1.0 1.0 1.0 1.0 4.0 0.5 1.0 1.0 1.0 1.0 1.0 ]

List of weights for class 2:
[ 0.5 1.0 1.0 1.0 1.0 4.0 2.0 8.0 0.5 1.0 1.0 1.0 1.0 1.0 8.0 1.0 0.5 1.0 1.0 1.0 1.0 0.5 1.0 8.0 1.0 1.0 1.0 1.0 2.0 2.0 1.0 1.0 1.0 1.0 1.0 1.0 2.0 1.0 2.0 1.0 1.0 1.0 1.0 0.5 4.0 2.0 1.0 1.0 1.0 1.0 4.0 1.0 1.0 1.0 1.0 1.0 4.0 1.0 1.0 1.0 1.0 1.0 1.0 2.0 0.5 4.0 1.0 1.0 1.0 1.0 1.0 4.0 1.0 1.0 1.0 1.0 1.0 0.5 8.0 1.0 1.0 1.0 1.0 1.0 4.0 1.0 1.0 1.0 1.0 1.0 1.0 1.0 1.0 4.0 1.0 1.0 1.0 1.0 1.0 1.0 4.0 1.0 1.0 1.0 1.0 4.0 1.0 1.0 1.0 1.0 1.0 1.0 4.0 1.0 1.0 1.0 1.0 1.0 1.0 4.0 1.0 1.0 1.0 1.0 1.0 1.0 1.0 4.0 1.0 1.0 1.0 1.0 1.0 2.0 2.0 1.0 1.0 1.0 1.0 1.0 8.0 0.5 1.0 1.0 1.0 1.0 1.0 1.0 0.5 1.0 8.0 1.0 1.0 1.0 4.0 1.0 1.0 1.0 1.0 1.0 1.0 8.0 0.5 1.0 1.0 1.0 1.0 1.0 4.0 1.0 1.0 1.0 1.0 1.0 1.0 0.5 1.0 8.0 1.0 1.0 1.0 1.0 0.5 8.0 1.0 1.0 1.0 1.0 1.0 8.0 1.0 1.0 0.5 1.0 1.0 1.0 1.0 1.0 1.0 1.0 4.0 1.0 1.0 4.0 1.0 1.0 1.0 1.0 1.0 1.0 4.0 1.0 1.0 1.0 1.0 1.0 1.0 4.0 1.0 1.0 1.0 1.0 1.0 1.0 4.0 1.0 1.0 1.0 1.0 1.0 1.0 4.0 1.0 1.0 1.0 1.0 1.0 1.0 4.0 1.0 1.0 1.0 1.0 1.0 1.0 ]

List of weights for class 3:
[ 1.0 1.0 4.0 0.5 1.0 1.0 1.0 0.5 4.0 1.0 1.0 1.0 1.0 1.0 0.5 0.25 16.0 1.0 1.0 1.0 1.0 16.0 0.125 1.0 1.0 1.0 1.0 1.0 4.0 0.5 1.0 1.0 1.0 1.0 1.0 2.0 0.25 1.0 4.0 1.0 1.0 1.0 1.0 4.0 0.5 1.0 1.0 1.0 1.0 1.0 1.0 2.0 1.0 1.0 1.0 1.0 2.0 1.0 1.0 1.0 1.0 1.0 1.0 0.125 8.0 2.0 1.0 1.0 1.0 1.0 1.0 2.0 1.0 1.0 1.0 1.0 1.0 16.0 0.125 1.0 1.0 1.0 1.0 1.0 2.0 1.0 1.0 1.0 1.0 1.0 1.0 1.0 1.0 2.0 1.0 1.0 1.0 1.0 1.0 1.0 2.0 1.0 1.0 1.0 1.0 2.0 1.0 1.0 1.0 1.0 1.0 1.0 2.0 1.0 1.0 1.0 1.0 1.0 1.0 2.0 1.0 1.0 1.0 1.0 1.0 1.0 1.0 2.0 1.0 1.0 1.0 1.0 1.0 4.0 0.5 1.0 1.0 1.0 1.0 1.0 0.5 8.0 0.5 1.0 1.0 1.0 1.0 1.0 16.0 0.25 0.5 1.0 1.0 1.0 2.0 1.0 1.0 1.0 1.0 1.0 1.0 0.25 8.0 1.0 1.0 1.0 1.0 1.0 1.0 2.0 1.0 1.0 1.0 1.0 1.0 4.0 1.0 0.5 1.0 1.0 1.0 1.0 4.0 0.5 1.0 1.0 1.0 1.0 1.0 0.5 1.0 1.0 4.0 1.0 1.0 1.0 1.0 1.0 1.0 1.0 2.0 1.0 1.0 2.0 1.0 1.0 1.0 1.0 1.0 1.0 2.0 1.0 1.0 1.0 1.0 1.0 1.0 2.0 1.0 1.0 1.0 1.0 1.0 1.0 2.0 1.0 1.0 1.0 1.0 1.0 1.0 2.0 1.0 1.0 1.0 1.0 1.0 1.0 4.0 0.5 1.0 1.0 1.0 1.0 1.0 ]

List of weights for class 4:
[ 4.0 1.0 2.0 0.5 1.0 1.0 0.5 0.25 8.0 1.0 1.0 1.0 1.0 1.0 0.5 16.0 0.25 1.0 1.0 1.0 1.0 0.5 4.0 1.0 1.0 1.0 1.0 1.0 1.0 2.0 1.0 1.0 1.0 1.0 1.0 0.25 4.0 4.0 0.5 1.0 1.0 1.0 0.5 8.0 1.0 0.5 1.0 1.0 1.0 1.0 0.5 4.0 1.0 1.0 1.0 1.0 2.0 1.0 1.0 1.0 1.0 1.0 1.0 16.0 0.25 0.5 1.0 1.0 1.0 1.0 1.0 2.0 1.0 1.0 1.0 1.0 1.0 0.25 8.0 1.0 1.0 1.0 1.0 1.0 2.0 1.0 1.0 1.0 1.0 1.0 1.0 1.0 1.0 2.0 1.0 1.0 1.0 1.0 1.0 1.0 2.0 1.0 1.0 1.0 1.0 2.0 1.0 1.0 1.0 1.0 1.0 1.0 2.0 1.0 1.0 1.0 1.0 1.0 1.0 2.0 1.0 1.0 1.0 1.0 1.0 1.0 1.0 2.0 1.0 1.0 1.0 1.0 1.0 0.5 4.0 1.0 1.0 1.0 1.0 1.0 0.5 2.0 4.0 0.5 1.0 1.0 1.0 0.5 0.25 32.0 0.5 1.0 1.0 1.0 4.0 0.5 1.0 1.0 1.0 1.0 1.0 4.0 0.5 1.0 1.0 1.0 1.0 1.0 2.0 1.0 1.0 1.0 1.0 1.0 1.0 4.0 1.0 0.5 1.0 1.0 1.0 1.0 4.0 0.5 1.0 1.0 1.0 1.0 1.0 0.25 1.0 1.0 8.0 1.0 1.0 1.0 1.0 1.0 1.0 1.0 2.0 1.0 1.0 2.0 1.0 1.0 1.0 1.0 1.0 1.0 2.0 1.0 1.0 1.0 1.0 1.0 1.0 2.0 1.0 1.0 1.0 1.0 1.0 1.0 2.0 1.0 1.0 1.0 1.0 1.0 1.0 2.0 1.0 1.0 1.0 1.0 1.0 1.0 0.25 8.0 1.0 1.0 1.0 1.0 1.0 ]

----------------------
Classification Results
----------------------
Prediction accuracy: 100.0%

	Actual Class	Predicted Class
	------------	---------------
	     3      	     3
	     4      	     4
	     1      	     1
	     4      	     4
	     2      	     2
	     3      	     3
	     4      	     4
	     2      	     2
	     2      	     2
	     4      	     4
	     4      	     4
	     4      	     4
	     4      	     4
	     3      	     3
	     4      	     4
